   40.0000   69.2820
   39.0000   67.5500
   41.0000   67.5500
   37.0000   64.0859
   36.0000   62.3538
   38.0000   62.3538
   43.0000   64.0859
   42.0000   62.3538
   44.0000   62.3538
   31.0000   53.6936
   30.0000   51.9615
   32.0000   51.9615
   28.0000   48.4974
   27.0000   46.7654
   29.0000   46.7654
   34.0000   48.4974
   33.0000   46.7654
   35.0000   46.7654
   49.0000   53.6936
   48.0000   51.9615
   50.0000   51.9615
   46.0000   48.4974
   45.0000   46.7654
   47.0000   46.7654
   52.0000   48.4974
   51.0000   46.7654
   53.0000   46.7654
   13.0000   22.5167
   12.0000   20.7846
   14.0000   20.7846
   10.0000   17.3205
    9.0000   15.5885
   11.0000   15.5885
   16.0000   17.3205
   15.0000   15.5885
   17.0000   15.5885
    4.0000    6.9282
    3.0000    5.1962
    5.0000    5.1962
    1.0000    1.7321
         0         0
    2.0000         0
    7.0000    1.7321
    6.0000         0
    8.0000         0
   22.0000    6.9282
   21.0000    5.1962
   23.0000    5.1962
   19.0000    1.7321
   18.0000         0
   20.0000         0
   25.0000    1.7321
   24.0000         0
   26.0000         0
   67.0000   22.5167
   66.0000   20.7846
   68.0000   20.7846
   64.0000   17.3205
   63.0000   15.5885
   65.0000   15.5885
   70.0000   17.3205
   69.0000   15.5885
   71.0000   15.5885
   58.0000    6.9282
   57.0000    5.1962
   59.0000    5.1962
   55.0000    1.7321
   54.0000         0
   56.0000         0
   61.0000    1.7321
   60.0000         0
   62.0000         0
   76.0000    6.9282
   75.0000    5.1962
   77.0000    5.1962
   73.0000    1.7321
   72.0000         0
   74.0000         0
   79.0000    1.7321
   78.0000         0
   80.0000         0